10025015
10066084
10135059
10164
10266060
10277818
10290447
10295850
10306926
10335384
10359430
10369582
10387745
104
10408822
10485712
10494600
10534110
10587787
10658185
10681969
10689184
10692338
10709681
10711740
10735161
10736230
10767864
10787080
10805728
10847427
10857050
10873796
10879923
10892675
10903219
10936933
10945143
10946912
10949018
10955333
11004084
11075746
11140597
11160957
11196074
11206957
11208895
11219671
11221519
11264659
11308195
11326184
11328274
11343918
11352331
11356653
11363177
11374218
11382629
11399839
1140498
11409051
11419934
11427214
11433172
11442378
11447114
1145113
11513832
11523811
11538153
11561929
11604794
11675732
11678295
11684965
11692839
11697755
11791753
11798345
11804355
11811201
11844881
11891619
11961778
11974205
12011048
12012207
12015353
12024171
12070131
12097926
12123659
12136691
12148047
12187751
12201104
1220952
1222136
12291424
12297331
1230928
12322965
12330494
12343052
12392107
12419954
12435389
12490199
12503758
12563568
12584206
12632001
12666243
12701044
12709398
1281217
12814933
12815162
12826152
12874350
12906225
12915105
12936732
12953177
13000764
13020441
13030548
13052975
13057479
13062628
13080147
13115639
13129830
13140598
13191377
1327945
13282132
13327981
13334636
13339054
13349867
13372126
1340531
13426252
13445678
13493062
13498524
13505637
13532704
13542787
13565173
13579197
13593983
13663775
13665902
13669164
13701479
13717593
13718423
1376249
13771743
13797318
13806162
13828756
13842420
13890972
13905340
13915195
13953451
13980983
14088652
14092171
14097037
14122279
14200519
14231271
14274557
1430478
14430244
14434510
14502384
14520391
14598568
14607091
1462382
14712156
1471884
14763546
14771482
14797957
14817705
14825499
14837765
14882461
1489242
14896264
14909881
14928046
14932687
15134805
1516409
15180401
15254519
15255212
15262479
15294021
15308882
15348908
15450519
15452040
15487563
15506086
15510813
15520839
15524682
15579875
15635156
15709982
15733442
15796182
15820153
15849824
15856004
15861823
1593802
1594144
15981496
15998361
16002670
1603100
16049114
16053972
16060503
16096962
16114501
16126359
16131005
16151952
16157479
16165516
16188124
16206068
16212384
16213681
16223489
16277995
16291805
16294708
16321498
16335806
16388492
16402085
16408357
16412092
16471466
16477234
16516539
16519518
16522410
16550433
16583205
16591654
16638370
16640918
16654109
16695864
16737159
16781115
16785737
16840962
1684289
16893026
16948560
16953346
17018570
17041062
17051988
17129427
17137819
17142527
17149321
17166749
1716841
17178957
17186212
17201371
17210479
17217990
17248185
17281599
17289917
173
17320913
17327147
17395476
17398593
17418342
17500075
17508649
17545886
17608590
17621986
17670983
17703317
17722142
1775904
17801994
17820251
17825372
1794187
1814287
1835792
1876193
1877935
1884367
1892225
1951797
1993873
1995721
2002636
2009598
2021
2080710
2087623
2116264
2191173
2191205
2207889
2245789
2304
2314737
2324158
2330
2332434
2401130
2422613
2448350
2473014
2477880
2520144
2635906
2698912
2719258
2746353
2770191
2794421
28
2804725
2821135
2830580
2848
2935528
2950562
2950833
2957354
3046692
3083216
3095145
312
3122208
3125626
3133302
3139296
3154361
3161265
3272517
3280772
3314527
3354941
3357414
3400242
3420908
3427274
3429936
3454648
3457258
3460145
3494571
3507596
3526431
3556813
3566194
3574681
3635698
3649351
3656228
3664685
3733696
3739791
3749007
3753204
3769803
3816559
3817755
3849595
3902826
3934461
3956313
3963901
3974690
3986031
3994807
3996419
4009131
4009811
4136213
4164219
4207395
4208844
4256030
4276002
4299778
4303604
4305703
4306003
4307614
4312975
4319406
4352777
4422149
4468907
4510856
4558742
4620402
4650142
4682381
4706738
4721106
4801258
4953341
4984368
4995044
4995803
4997950
5009949
5010194
5012753
5038600
5074911
5079906
5100011
5118167
5120854
5131937
5152863
5160168
5201080
5209108
5245291
5250288
5291754
5303503
5376294
5413582
5427126
5445161
5458410
5494576
5523901
5524894
5560078
5571276
5574585
5662945
5673263
5708541
5725151
5736117
5807547
5818141
5843210
5867823
5919125
5951274
6053208
6067092
6071199
6073909
6129250
6144032
6178803
6182028
6206635
6208413
6333506
6347018
6362949
6368881
6437025
6444963
6445298
6510168
6529660
6542332
6574966
6608958
6613027
6687648
6783997
6808555
681
6898131
6927047
6971
6990384
7030649
7036575
7048090
7064632
7069382
7113045
7148119
7164407
7176627
7179147
7274279
7274720
7293645
7303098
7317744
7373499
7376002
7423195
7558956
7593877
7624526
7648253
7665284
7694963
7698012
7707531
7727002
7747934
7785976
7816746
7823037
7841859
7857090
7875815
7882942
7887627
7925497
7927678
7973541
7995593
7997403
8003354
8013205
8188764
8208776
8210927
8221755
8222925
8247037
8328007
8330283
8330345
8337056
8351880
8358404
8365684
8369247
8399064
8410740
8414327
8419383
8469435
8491422
8494665
8572876
8588908
8636647
8636791
8705447
8749730
8781005
8809690
8839936
8842882
8859649
8916410
8943394
8952281
8963475
9049609
9052891
9108741
9115702
9130645
9142980
9201259
9238940
9245508
9282909
9308946
9321153
9342583
9345996
9372
9383456
9385621
9432390
9441708
9451130
9510600
9573964
9584917
9595616
9649417
9669614
9688130
9703824
9708863
9729139
9731204
9748673
9764679
9809896
9875094
9910845
9919841
9937737
9961868
9976414
9993924
9999362
